0.44 0 0.2 0.01
0.44 0 0.2 0.01
0.44 0 0.2 0.01
0.44 0 0.2 0.01
0.44 0 0.2 0.01
0.44 0 0.2 0.01
0.44 0 0.2 0.01
0.44 0 0.2 0.01
0.44 0 0.2 0.01
0.44 0 0.2 0.01
0.44 0 0.2 0.01
0.44 0 0.2 0.01
0.44 0 0.2 0.01
0.44 0 0.2 0.01
0.44 0 0.2 0.01
0.44 0 0.2 0.01
0.44 0 0.2 0.01
0.44 0 0.2 0.01
0.44 0 0.2 0.01
0.44 0 0.2 0.01
0.44 0 0.2 0.01
0.44 0 0.2 0.01
0.44 0 0.2 0.01
0.44 0 0.2 0.01
0.44 0 0.2 0.01
0.44 0 0.2 0.01
0.44 0 0.2 0.01
0.44 0 0.2 0.01
0.44 0 0.2 0.01
0.44 0 0.2 0.01
0.44 0 0.2 0.01
0.44 0 0.2 0.01
0.44 0 0.2 0.01
0.44 0 0.2 0.01
0.44 0 0.2 0.01
0.44 0 0.2 0.01
0.44 0 0.2 0.01
0.44 0 0.2 0.01
0.44 0 0.2 0.01
0.44 0 0.2 0.01
0.44 0 0.2 0.01
0.44 0 0.2 0.01
0.44 0 0.2 0.01
0.44 0 0.2 0.01
0.44 0 0.2 0.01
0.44 0 0.2 0.01
0.44 0 0.2 0.01
0.44 0 0.2 0.01
0.44 0 0.2 0.01
0.44 0 0.2 0.01
0.44 0 0.2 0.01
0.44 0 0.2 0.01
0.44 0 0.2 0.01
0.44 0 0.2 0.01
0.44 0 0.2 0.01
0.44 0 0.2 0.01
0.44 0 0.2 0.01
0.44 0 0.2 0.01
0.44 0 0.2 0.01
0.44 0 0.2 0.01